{
  "advancedEditorSelectedIdentifier" : "ProjectBrowser",
  "openSceneRelativePaths" : [
    "Decora.usda"
  ],
  "recentIdentifiers" : {
    "DCC2BE62-09B3-4A00-9E19-9D2B9F5A45B1" : [

    ]
  },
  "sceneCameraHistory" : {
    "DCC2BE62-09B3-4A00-9E19-9D2B9F5A45B1" : [
      {
        "date" : 753152674.944601,
        "title" : "Untitled",
        "transform" : [
          0.957986,
          -7.3517326e-09,
          -0.28681484,
          0,
          -0.14237033,
          0.8681031,
          -0.47552902,
          0,
          0.24898489,
          0.49638405,
          0.83163065,
          0,
          -0.40064037,
          0.7277961,
          -1.082199,
          1
        ]
      },
      {
        "date" : 753148491.231056,
        "title" : "Untitled",
        "transform" : [
          0.957986,
          -7.3517326e-09,
          -0.28681484,
          0,
          -0.14237033,
          0.8681031,
          -0.47552902,
          0,
          0.24898489,
          0.49638405,
          0.83163065,
          0,
          -0.7372483,
          0.4872495,
          -0.8378432,
          1
        ]
      },
      {
        "date" : 753148483.012833,
        "title" : "Untitled",
        "transform" : [
          0.957986,
          -7.3517326e-09,
          -0.28681484,
          0,
          -0.14237033,
          0.8681031,
          -0.47552902,
          0,
          0.24898489,
          0.49638405,
          0.83163065,
          0,
          -0.6840786,
          0.7144768,
          -0.9893894,
          1
        ]
      },
      {
        "date" : 753148471.797382,
        "title" : "Untitled",
        "transform" : [
          0.957986,
          -7.3517326e-09,
          -0.28681484,
          0,
          -0.14237033,
          0.8681031,
          -0.47552902,
          0,
          0.24898489,
          0.49638405,
          0.83163065,
          0,
          -1.2723113,
          0.32295904,
          -1.362869,
          1
        ]
      },
      {
        "date" : 753148470.564469,
        "title" : "Untitled",
        "transform" : [
          0.957986,
          -7.3517326e-09,
          -0.28681484,
          0,
          -0.14237033,
          0.8681031,
          -0.47552902,
          0,
          0.24898489,
          0.49638405,
          0.83163065,
          0,
          -1.2659595,
          0.34738484,
          -1.3390574,
          1
        ]
      },
      {
        "date" : 753148464.063602,
        "title" : "Untitled",
        "transform" : [
          0.957986,
          -7.3517326e-09,
          -0.28681484,
          0,
          -0.14237033,
          0.8681031,
          -0.47552902,
          0,
          0.24898489,
          0.49638405,
          0.83163065,
          0,
          -1.2086582,
          0.5677341,
          -1.1242492,
          1
        ]
      },
      {
        "date" : 753148458.648227,
        "title" : "Untitled",
        "transform" : [
          0.957986,
          -7.3517326e-09,
          -0.28681484,
          0,
          -0.14237033,
          0.8681031,
          -0.47552902,
          0,
          0.24898489,
          0.49638405,
          0.83163065,
          0,
          -1.1034409,
          0.20955245,
          -1.6104411,
          1
        ]
      },
      {
        "date" : 753148453.679675,
        "title" : "Untitled",
        "transform" : [
          0.957986,
          -7.3517326e-09,
          -0.28681484,
          0,
          -0.14237033,
          0.8681031,
          -0.47552902,
          0,
          0.24898489,
          0.49638405,
          0.83163065,
          0,
          -0.9097808,
          0.21819866,
          -1.6735824,
          1
        ]
      },
      {
        "date" : 753148448.731839,
        "title" : "Untitled",
        "transform" : [
          0.957986,
          -7.3517326e-09,
          -0.28681484,
          0,
          -0.14237033,
          0.8681031,
          -0.47552902,
          0,
          0.24898489,
          0.49638405,
          0.83163065,
          0,
          -0.7149445,
          0.54001486,
          -1.3471881,
          1
        ]
      },
      {
        "date" : 753148394.813025,
        "title" : "Untitled",
        "transform" : [
          0.957986,
          -7.3517326e-09,
          -0.28681484,
          0,
          -0.14237033,
          0.8681031,
          -0.47552902,
          0,
          0.24898489,
          0.49638405,
          0.83163065,
          0,
          0.6718423,
          2.8306057,
          0.9759888,
          1
        ]
      }
    ]
  },
  "sceneViewportBackgroundColors" : {

  }
}