{
  "advancedEditorSelectedIdentifier" : "ProjectBrowser",
  "openSceneRelativePaths" : [
    "Decora.usda"
  ],
  "recentIdentifiers" : {
    "DCC2BE62-09B3-4A00-9E19-9D2B9F5A45B1" : [

    ]
  },
  "sceneCameraHistory" : {
    "DCC2BE62-09B3-4A00-9E19-9D2B9F5A45B1" : [
      {
        "date" : 753024320.616912,
        "title" : "Untitled",
        "transform" : [
          0.957986,
          -7.3517326e-09,
          -0.28681484,
          0,
          -0.14237033,
          0.8681031,
          -0.47552902,
          0,
          0.24898489,
          0.49638405,
          0.83163065,
          0,
          -0.6683619,
          2.3145978,
          1.3612847,
          1
        ]
      },
      {
        "date" : 753024312.683719,
        "title" : "Untitled",
        "transform" : [
          0.957986,
          -7.3517326e-09,
          -0.28681484,
          0,
          -0.14237033,
          0.8681031,
          -0.47552902,
          0,
          0.24898489,
          0.49638405,
          0.83163065,
          0,
          -0.18204388,
          2.9133017,
          0.85833,
          1
        ]
      },
      {
        "date" : 753024307.65089,
        "title" : "Untitled",
        "transform" : [
          0.957986,
          -7.3517326e-09,
          -0.28681484,
          0,
          -0.14237033,
          0.8681031,
          -0.47552902,
          0,
          0.24898489,
          0.49638405,
          0.83163065,
          0,
          0.08241528,
          3.0337842,
          -0.92030835,
          1
        ]
      },
      {
        "date" : 753024306.448653,
        "title" : "Untitled",
        "transform" : [
          0.957986,
          -7.3517326e-09,
          -0.28681484,
          0,
          -0.14237033,
          0.8681031,
          -0.47552902,
          0,
          0.24898489,
          0.49638405,
          0.83163065,
          0,
          0.13842934,
          3.135467,
          -0.6689669,
          1
        ]
      },
      {
        "date" : 753024297.603109,
        "title" : "Untitled",
        "transform" : [
          0.957986,
          -7.3517326e-09,
          -0.28681484,
          0,
          -0.14237033,
          0.8681031,
          -0.47552902,
          0,
          0.24898489,
          0.49638405,
          0.83163065,
          0,
          0.7446041,
          4.2358627,
          2.0510085,
          1
        ]
      },
      {
        "date" : 753024289.994949,
        "title" : "Untitled",
        "transform" : [
          0.957986,
          -7.3517326e-09,
          -0.28681484,
          0,
          -0.14237033,
          0.8681031,
          -0.47552902,
          0,
          0.24898489,
          0.49638405,
          0.83163065,
          0,
          1.2611079,
          6.1839385,
          8.937494,
          1
        ]
      },
      {
        "date" : 753024284.784111,
        "title" : "Untitled",
        "transform" : [
          0.957986,
          -7.3517326e-09,
          -0.28681484,
          0,
          -0.14237033,
          0.8681031,
          -0.47552902,
          0,
          0.24898489,
          0.49638405,
          0.83163065,
          0,
          2.5276303,
          6.8835006,
          8.140751,
          1
        ]
      },
      {
        "date" : 753024216.000473,
        "title" : "Untitled",
        "transform" : [
          0.9579861,
          -7.3517334e-09,
          -0.28681487,
          0,
          -0.14237033,
          0.8681031,
          -0.47552902,
          0,
          0.24898489,
          0.49638405,
          0.83163065,
          0,
          0.26602334,
          1.8752434,
          0.66850126,
          1
        ]
      },
      {
        "date" : 753024209.400634,
        "title" : "Untitled",
        "transform" : [
          1,
          0,
          0,
          0,
          0,
          0.7071069,
          -0.70710677,
          0,
          0,
          0.70710677,
          0.7071069,
          0,
          0.06311053,
          2.058298,
          0.65166956,
          1
        ]
      },
      {
        "date" : 753024202.019087,
        "title" : "Untitled",
        "transform" : [
          1,
          0,
          0,
          0,
          0,
          0.7071069,
          -0.70710677,
          0,
          0,
          0.70710677,
          0.7071069,
          0,
          0.20415652,
          2.8061879,
          2.1080885,
          1
        ]
      }
    ]
  },
  "sceneViewportBackgroundColors" : {

  }
}