{
  "advancedEditorSelectedIdentifier" : "ProjectBrowser",
  "openSceneRelativePaths" : [
    "Immersive.usda",
    "Decora.usda",
    "Inicio.usda"
  ],
  "recentIdentifiers" : {
    "95ECFC7E-CBAD-4E4A-9E58-AEF616524B2D" : [

    ],
    "DCC2BE62-09B3-4A00-9E19-9D2B9F5A45B1" : [

    ]
  },
  "sceneCameraHistory" : {
    "1D572CEB-057A-41C3-B575-04C37501A3C0" : [
      {
        "date" : 752680753.516699,
        "title" : "Untitled",
        "transform" : [
          1,
          0,
          0,
          0,
          0,
          0.7071069,
          -0.70710677,
          0,
          0,
          0.70710677,
          0.7071069,
          0,
          0,
          3.6168544,
          3.6168551,
          1
        ]
      }
    ],
    "95ECFC7E-CBAD-4E4A-9E58-AEF616524B2D" : [
      {
        "date" : 752683881.312254,
        "title" : "Untitled",
        "transform" : [
          0.99999195,
          -3.771261e-11,
          -0.0040091784,
          0,
          -0.002004897,
          0.86598104,
          -0.5000728,
          0,
          0.0034718725,
          0.50007683,
          0.8659741,
          0,
          0.059055746,
          0.7586951,
          0.89080316,
          1
        ]
      },
      {
        "date" : 752683833.05661,
        "title" : "Untitled",
        "transform" : [
          0.99999195,
          -3.771261e-11,
          -0.0040091784,
          0,
          -0.002004897,
          0.86598104,
          -0.5000728,
          0,
          0.0034718725,
          0.50007683,
          0.8659741,
          0,
          -0.00030608944,
          0.68135166,
          0.93570507,
          1
        ]
      },
      {
        "date" : 752683826.791888,
        "title" : "Untitled",
        "transform" : [
          0.99999195,
          4.2386483e-11,
          -0.004009178,
          0,
          -0.0014066718,
          0.93642694,
          -0.35086006,
          0,
          0.0037543022,
          0.35086286,
          0.9364194,
          0,
          0.009712999,
          0.90706444,
          2.4217644,
          1
        ]
      }
    ],
    "DCC2BE62-09B3-4A00-9E19-9D2B9F5A45B1" : [
      {
        "date" : 753126461.365732,
        "title" : "Untitled",
        "transform" : [
          0.9976401,
          4.3121034e-08,
          -0.06866094,
          0,
          -0.002514294,
          0.99932927,
          -0.03653241,
          0,
          0.068614855,
          0.03661882,
          0.996971,
          0,
          0.027943129,
          1.7261473,
          1.6654797,
          1
        ]
      },
      {
        "date" : 753126458.111378,
        "title" : "Untitled",
        "transform" : [
          0.9976401,
          4.3121034e-08,
          -0.06866094,
          0,
          -0.0025142943,
          0.9993294,
          -0.036532413,
          0,
          0.068614855,
          0.03661882,
          0.996971,
          0,
          -0.5088264,
          1.5305126,
          3.0184927,
          1
        ]
      },
      {
        "date" : 753126452.32849,
        "title" : "Untitled",
        "transform" : [
          0.99999154,
          4.2371678e-08,
          -0.004109533,
          0,
          -0.00096174236,
          0.9722303,
          -0.2340241,
          0,
          0.003995367,
          0.23402609,
          0.9722221,
          0,
          -0.10496789,
          1.9886091,
          1.142423,
          1
        ]
      },
      {
        "date" : 753126450.145302,
        "title" : "Untitled",
        "transform" : [
          0.98621875,
          4.237771e-08,
          -0.16544655,
          0,
          -0.04291494,
          0.96577305,
          -0.2558138,
          0,
          0.15978378,
          0.2593885,
          0.9524635,
          0,
          0.34867644,
          2.060596,
          1.2206577,
          1
        ]
      },
      {
        "date" : 753126441.761369,
        "title" : "Untitled",
        "transform" : [
          0.98621875,
          4.237771e-08,
          -0.16544655,
          0,
          -0.04291494,
          0.96577305,
          -0.2558138,
          0,
          0.15978378,
          0.2593885,
          0.9524635,
          0,
          0.11247493,
          2.1811593,
          1.2274489,
          1
        ]
      },
      {
        "date" : 753126433.209494,
        "title" : "Untitled",
        "transform" : [
          0.99872196,
          4.437566e-08,
          0.05054045,
          0,
          0.047237694,
          0.35556513,
          -0.933457,
          0,
          -0.017970461,
          0.9346515,
          0.3551107,
          0,
          -1.6276875,
          2.887498,
          -1.4512058,
          1
        ]
      },
      {
        "date" : 753126404.850739,
        "title" : "Untitled",
        "transform" : [
          0.99872214,
          4.397021e-08,
          0.050540466,
          0,
          0.04723777,
          0.3555652,
          -0.933457,
          0,
          -0.01797043,
          0.9346515,
          0.35511068,
          0,
          -0.018697679,
          4.047089,
          -0.67566746,
          1
        ]
      },
      {
        "date" : 753126394.91509,
        "title" : "Untitled",
        "transform" : [
          0.998623,
          4.6004807e-08,
          -0.052460894,
          0,
          -0.0079820845,
          0.9883569,
          -0.15194397,
          0,
          0.05185011,
          0.15215355,
          0.9869959,
          0,
          0.18407714,
          1.7763762,
          1.3286228,
          1
        ]
      },
      {
        "date" : 753126385.336688,
        "title" : "Untitled",
        "transform" : [
          0.998623,
          4.6004807e-08,
          -0.052460894,
          0,
          -0.0079820845,
          0.9883569,
          -0.15194397,
          0,
          0.05185011,
          0.15215355,
          0.9869959,
          0,
          0.18564445,
          2.6362672,
          0.41636264,
          1
        ]
      },
      {
        "date" : 753126378.934019,
        "title" : "Untitled",
        "transform" : [
          0.99993134,
          4.503156e-08,
          0.011715948,
          0,
          0.011599893,
          0.14044006,
          -0.99002117,
          0,
          -0.0016454083,
          0.9900892,
          0.14043036,
          0,
          0.07470262,
          3.8041487,
          -2.5480917,
          1
        ]
      }
    ]
  },
  "sceneViewportBackgroundColors" : {

  },
  "selectedSceneRelativePath" : "Decora.usda"
}