{
  "advancedEditorSelectedIdentifier" : "ProjectBrowser",
  "openSceneRelativePaths" : [
    "Immersive.usda",
    "Decora.usda"
  ],
  "recentIdentifiers" : {
    "DCC2BE62-09B3-4A00-9E19-9D2B9F5A45B1" : [

    ]
  },
  "sceneCameraHistory" : {
    "1D572CEB-057A-41C3-B575-04C37501A3C0" : [
      {
        "date" : 752680753.516699,
        "title" : "Untitled",
        "transform" : [
          1,
          0,
          0,
          0,
          0,
          0.7071069,
          -0.70710677,
          0,
          0,
          0.70710677,
          0.7071069,
          0,
          0,
          3.6168544,
          3.6168551,
          1
        ]
      }
    ],
    "DCC2BE62-09B3-4A00-9E19-9D2B9F5A45B1" : [
      {
        "date" : 752681251.755842,
        "title" : "Untitled",
        "transform" : [
          0.99999934,
          2.4537064e-08,
          -0.0011234734,
          0,
          7.741138e-05,
          0.9976209,
          0.068939604,
          0,
          0.0011208066,
          -0.06893966,
          0.9976202,
          0,
          0.49333954,
          1.980514,
          2.9455001,
          1
        ]
      },
      {
        "date" : 752681187.337914,
        "title" : "Untitled",
        "transform" : [
          0.99999934,
          2.4537064e-08,
          -0.0011234734,
          0,
          7.741138e-05,
          0.9976209,
          0.068939604,
          0,
          0.0011208066,
          -0.06893966,
          0.9976202,
          0,
          0.49370196,
          1.9582229,
          3.2680748,
          1
        ]
      },
      {
        "date" : 752681181.136967,
        "title" : "Untitled",
        "transform" : [
          -0.054672983,
          2.4545994e-08,
          0.99850434,
          0,
          0.21984756,
          0.97546,
          0.012037686,
          0,
          -0.9740011,
          0.22017685,
          -0.05333131,
          0,
          -5.702843,
          3.8153305,
          -1.9697514,
          1
        ]
      },
      {
        "date" : 752681178.985932,
        "title" : "Untitled",
        "transform" : [
          0.9992186,
          2.6055135e-08,
          -0.039525505,
          0,
          0.0045535127,
          0.9933417,
          0.115115486,
          0,
          0.03926234,
          -0.11520558,
          0.9925655,
          0,
          0.3668458,
          1.7178054,
          4.8347883,
          1
        ]
      },
      {
        "date" : 752681143.725644,
        "title" : "Untitled",
        "transform" : [
          0.9992186,
          2.6055135e-08,
          -0.039525505,
          0,
          0.0045535127,
          0.9933417,
          0.115115486,
          0,
          0.03926234,
          -0.11520558,
          0.9925655,
          0,
          0.33511028,
          1.8217772,
          3.0302784,
          1
        ]
      },
      {
        "date" : 752681128.070043,
        "title" : "Untitled",
        "transform" : [
          0.9992186,
          2.6055135e-08,
          -0.039525505,
          0,
          0.0045535127,
          0.9933417,
          0.115115486,
          0,
          0.03926234,
          -0.11520558,
          0.9925655,
          0,
          0.35833955,
          2.223916,
          3.8966832,
          1
        ]
      },
      {
        "date" : 752681125.503398,
        "title" : "Untitled",
        "transform" : [
          0.9992186,
          2.6055135e-08,
          -0.039525505,
          0,
          0.0045535127,
          0.9933417,
          0.115115486,
          0,
          0.03926234,
          -0.11520558,
          0.9925655,
          0,
          0.3854556,
          0.50120926,
          9.681011,
          1
        ]
      },
      {
        "date" : 752681123.786554,
        "title" : "Untitled",
        "transform" : [
          0.9992186,
          2.6055135e-08,
          -0.039525505,
          0,
          0.0045535127,
          0.9933417,
          0.115115486,
          0,
          0.03926234,
          -0.11520558,
          0.9925655,
          0,
          0.09682541,
          1.3481208,
          2.3843412,
          1
        ]
      },
      {
        "date" : 752681101.388042,
        "title" : "Untitled",
        "transform" : [
          0.9992186,
          2.6055135e-08,
          -0.039525505,
          0,
          0.0045535127,
          0.9933417,
          0.115115486,
          0,
          0.03926234,
          -0.11520558,
          0.9925655,
          0,
          0.091256104,
          1.3357893,
          2.38313,
          1
        ]
      },
      {
        "date" : 752680916.729158,
        "title" : "Untitled",
        "transform" : [
          0.9992186,
          2.6055135e-08,
          -0.039525505,
          0,
          0.0045535127,
          0.9933417,
          0.115115486,
          0,
          0.03926234,
          -0.11520558,
          0.9925655,
          0,
          0.09537569,
          1.3237015,
          2.4872746,
          1
        ]
      }
    ]
  },
  "sceneViewportBackgroundColors" : {

  },
  "selectedSceneRelativePath" : "Decora.usda"
}