{
  "advancedEditorSelectedIdentifier" : "BehaviorsPluginID",
  "openSceneRelativePaths" : [
    "Immersive.usda",
    "Decora.usda",
    "Inicio.usda"
  ],
  "recentIdentifiers" : {
    "95ECFC7E-CBAD-4E4A-9E58-AEF616524B2D" : [

    ],
    "DCC2BE62-09B3-4A00-9E19-9D2B9F5A45B1" : [

    ]
  },
  "sceneCameraHistory" : {
    "1D572CEB-057A-41C3-B575-04C37501A3C0" : [
      {
        "date" : 752680753.516699,
        "title" : "Untitled",
        "transform" : [
          1,
          0,
          0,
          0,
          0,
          0.7071069,
          -0.70710677,
          0,
          0,
          0.70710677,
          0.7071069,
          0,
          0,
          3.6168544,
          3.6168551,
          1
        ]
      }
    ],
    "95ECFC7E-CBAD-4E4A-9E58-AEF616524B2D" : [
      {
        "date" : 752683881.312254,
        "title" : "Untitled",
        "transform" : [
          0.99999195,
          -3.771261e-11,
          -0.0040091784,
          0,
          -0.002004897,
          0.86598104,
          -0.5000728,
          0,
          0.0034718725,
          0.50007683,
          0.8659741,
          0,
          0.059055746,
          0.7586951,
          0.89080316,
          1
        ]
      },
      {
        "date" : 752683833.05661,
        "title" : "Untitled",
        "transform" : [
          0.99999195,
          -3.771261e-11,
          -0.0040091784,
          0,
          -0.002004897,
          0.86598104,
          -0.5000728,
          0,
          0.0034718725,
          0.50007683,
          0.8659741,
          0,
          -0.00030608944,
          0.68135166,
          0.93570507,
          1
        ]
      },
      {
        "date" : 752683826.791888,
        "title" : "Untitled",
        "transform" : [
          0.99999195,
          4.2386483e-11,
          -0.004009178,
          0,
          -0.0014066718,
          0.93642694,
          -0.35086006,
          0,
          0.0037543022,
          0.35086286,
          0.9364194,
          0,
          0.009712999,
          0.90706444,
          2.4217644,
          1
        ]
      }
    ],
    "DCC2BE62-09B3-4A00-9E19-9D2B9F5A45B1" : [
      {
        "date" : 753104308.477277,
        "title" : "Untitled",
        "transform" : [
          0.9965553,
          -4.406234e-08,
          -0.082930915,
          0,
          -0.013808014,
          0.98604125,
          -0.1659277,
          0,
          0.081773296,
          0.1665013,
          0.9826446,
          0,
          -0.03882441,
          1.6727005,
          1.3449361,
          1
        ]
      },
      {
        "date" : 753104120.969431,
        "title" : "Untitled",
        "transform" : [
          0.9693248,
          -4.2814573e-08,
          0.24578337,
          0,
          0.12195327,
          0.8682187,
          -0.4809612,
          0,
          -0.21339369,
          0.4961817,
          0.84158593,
          0,
          -1.1449201,
          1.4767361,
          -1.3479977,
          1
        ]
      },
      {
        "date" : 753104119.351223,
        "title" : "Untitled",
        "transform" : [
          0.7858214,
          -4.2814573e-08,
          0.6184536,
          0,
          0.3068654,
          0.8682187,
          -0.38991013,
          0,
          -0.536953,
          0.4961817,
          0.6822648,
          0,
          -1.652392,
          1.4767361,
          -1.4428681,
          1
        ]
      },
      {
        "date" : 753104102.677199,
        "title" : "Untitled",
        "transform" : [
          0.7858214,
          -4.2814573e-08,
          0.6184536,
          0,
          0.3068654,
          0.8682187,
          -0.38991013,
          0,
          -0.536953,
          0.4961817,
          0.6822648,
          0,
          -1.631618,
          2.3657866,
          -0.97247744,
          1
        ]
      },
      {
        "date" : 753104097.425382,
        "title" : "Untitled",
        "transform" : [
          0.7858213,
          -2.8094286e-08,
          0.61845356,
          0,
          0.22821757,
          0.9294241,
          -0.28997847,
          0,
          -0.57480556,
          0.36901325,
          0.7303612,
          0,
          -1.9765766,
          1.8558681,
          -1.5249774,
          1
        ]
      },
      {
        "date" : 753104090.32611,
        "title" : "Untitled",
        "transform" : [
          0.93776006,
          -3.089244e-08,
          0.34728384,
          0,
          0.17349796,
          0.8662647,
          -0.46849123,
          0,
          -0.3008397,
          0.49958536,
          0.81234837,
          0,
          -0.59872514,
          2.5125523,
          -1.1126411,
          1
        ]
      },
      {
        "date" : 753104068.659175,
        "title" : "Untitled",
        "transform" : [
          0.9377601,
          -4.3409074e-08,
          0.34728387,
          0,
          0.120144464,
          0.9382512,
          -0.32442245,
          0,
          -0.32583958,
          0.34595466,
          0.87985456,
          0,
          -0.7658353,
          1.4383887,
          -1.2137921,
          1
        ]
      },
      {
        "date" : 753104062.61014,
        "title" : "Untitled",
        "transform" : [
          0.99958766,
          -4.5174726e-08,
          -0.028715106,
          0,
          -0.0047530285,
          0.98620594,
          -0.16545536,
          0,
          0.028318979,
          0.1655236,
          0.9857992,
          0,
          -0.06307317,
          1.090979,
          -1.1365998,
          1
        ]
      },
      {
        "date" : 753104058.59305,
        "title" : "Untitled",
        "transform" : [
          0.42028785,
          -4.5219128e-08,
          0.9073909,
          0,
          0.052736863,
          0.99830973,
          -0.024426807,
          0,
          -0.9058571,
          0.058119226,
          0.41957736,
          0,
          -1.9114295,
          0.88917834,
          -2.0499501,
          1
        ]
      },
      {
        "date" : 753104008.956461,
        "title" : "Untitled",
        "transform" : [
          0.99914145,
          -3.5588496e-08,
          0.04142995,
          0,
          0.014503311,
          0.9367242,
          -0.34976795,
          0,
          -0.03880843,
          0.35006848,
          0.9359198,
          0,
          -0.19283646,
          1.4464415,
          -1.1595161,
          1
        ]
      }
    ]
  },
  "sceneViewportBackgroundColors" : {

  },
  "selectedSceneRelativePath" : "Decora.usda"
}