{
  "advancedEditorSelectedIdentifier" : "ProjectBrowser",
  "openSceneRelativePaths" : [
    "Immersive.usda",
    "Decora.usda"
  ],
  "recentIdentifiers" : {

  },
  "sceneCameraHistory" : {
    "DCC2BE62-09B3-4A00-9E19-9D2B9F5A45B1" : [
      {
        "date" : 752679019.285869,
        "title" : "Untitled",
        "transform" : [
          0.98907924,
          -3.0664382e-09,
          0.14738503,
          0,
          0.088118985,
          0.8015842,
          -0.59135264,
          0,
          -0.118141554,
          0.5978819,
          0.7928302,
          0,
          0.23548394,
          1.2665577,
          0.8515866,
          1
        ]
      },
      {
        "date" : 752679015.971569,
        "title" : "Untitled",
        "transform" : [
          0.93176776,
          -3.0606515e-09,
          0.36305502,
          0,
          0.21451995,
          0.80676377,
          -0.55055743,
          0,
          -0.29289967,
          0.5908741,
          0.75171643,
          0,
          0.00075128675,
          1.2575264,
          0.8344054,
          1
        ]
      },
      {
        "date" : 752679010.056112,
        "title" : "Untitled",
        "transform" : [
          0.93176776,
          -3.0606515e-09,
          0.36305502,
          0,
          0.21451995,
          0.80676377,
          -0.55055743,
          0,
          -0.29289967,
          0.5908741,
          0.75171643,
          0,
          -0.30517,
          1.420687,
          0.58695614,
          1
        ]
      },
      {
        "date" : 752676697.773991,
        "title" : "Untitled",
        "transform" : [
          -0.14791358,
          5.924967e-10,
          -0.9890003,
          0,
          -0.26458916,
          0.96354896,
          0.039571512,
          0,
          0.95295024,
          0.26753187,
          -0.14252204,
          0,
          1.6660691,
          0.7067022,
          -0.35776114,
          1
        ]
      },
      {
        "date" : 752676547.937739,
        "title" : "Untitled",
        "transform" : [
          0.99984336,
          1.2754727e-09,
          0.017698223,
          0,
          0.0044340594,
          0.9681086,
          -0.25049177,
          0,
          -0.017133875,
          0.25053093,
          0.96795696,
          0,
          0.07758212,
          0.68123966,
          1.7260736,
          1
        ]
      },
      {
        "date" : 752676545.732599,
        "title" : "Untitled",
        "transform" : [
          0.99984336,
          1.2754727e-09,
          0.017698223,
          0,
          0.0044340594,
          0.9681086,
          -0.25049177,
          0,
          -0.017133875,
          0.25053093,
          0.96795696,
          0,
          -0.008675218,
          0.5416689,
          1.5531007,
          1
        ]
      },
      {
        "date" : 752676542.721013,
        "title" : "Untitled",
        "transform" : [
          0.99984336,
          1.2754727e-09,
          0.017698223,
          0,
          0.0044340594,
          0.9681086,
          -0.25049177,
          0,
          -0.017133875,
          0.25053093,
          0.96795696,
          0,
          -0.10220055,
          0.39033794,
          1.3502691,
          1
        ]
      },
      {
        "date" : 752676472.471274,
        "title" : "Untitled",
        "transform" : [
          0.99984336,
          1.2754727e-09,
          0.017698223,
          0,
          0.0044340594,
          0.9681086,
          -0.25049177,
          0,
          -0.017133875,
          0.25053093,
          0.96795696,
          0,
          -0.16179654,
          0.51800716,
          1.5213864,
          1
        ]
      },
      {
        "date" : 752676469.47047,
        "title" : "Untitled",
        "transform" : [
          0.99984336,
          1.2754727e-09,
          0.017698223,
          0,
          0.0044340594,
          0.9681086,
          -0.25049177,
          0,
          -0.017133875,
          0.25053093,
          0.96795696,
          0,
          -0.13742724,
          0.40504512,
          1.5171298,
          1
        ]
      },
      {
        "date" : 752676461.818709,
        "title" : "Untitled",
        "transform" : [
          0.99925464,
          1.2499547e-09,
          0.03860235,
          0,
          0.012308019,
          0.94780916,
          -0.3186008,
          0,
          -0.036587734,
          0.31883836,
          0.9471027,
          0,
          -0.16887918,
          0.5154809,
          1.4834137,
          1
        ]
      }
    ]
  },
  "sceneViewportBackgroundColors" : {

  },
  "selectedSceneRelativePath" : "Decora.usda"
}