{
  "advancedEditorSelectedIdentifier" : "BehaviorsPluginID",
  "openSceneRelativePaths" : [
    "Immersive.usda",
    "Decora.usda",
    "Inicio.usda"
  ],
  "recentIdentifiers" : {
    "95ECFC7E-CBAD-4E4A-9E58-AEF616524B2D" : [

    ],
    "DCC2BE62-09B3-4A00-9E19-9D2B9F5A45B1" : [

    ]
  },
  "sceneCameraHistory" : {
    "1D572CEB-057A-41C3-B575-04C37501A3C0" : [
      {
        "date" : 752680753.516699,
        "title" : "Untitled",
        "transform" : [
          1,
          0,
          0,
          0,
          0,
          0.7071069,
          -0.70710677,
          0,
          0,
          0.70710677,
          0.7071069,
          0,
          0,
          3.6168544,
          3.6168551,
          1
        ]
      }
    ],
    "95ECFC7E-CBAD-4E4A-9E58-AEF616524B2D" : [
      {
        "date" : 752683881.312254,
        "title" : "Untitled",
        "transform" : [
          0.99999195,
          -3.771261e-11,
          -0.0040091784,
          0,
          -0.002004897,
          0.86598104,
          -0.5000728,
          0,
          0.0034718725,
          0.50007683,
          0.8659741,
          0,
          0.059055746,
          0.7586951,
          0.89080316,
          1
        ]
      },
      {
        "date" : 752683833.05661,
        "title" : "Untitled",
        "transform" : [
          0.99999195,
          -3.771261e-11,
          -0.0040091784,
          0,
          -0.002004897,
          0.86598104,
          -0.5000728,
          0,
          0.0034718725,
          0.50007683,
          0.8659741,
          0,
          -0.00030608944,
          0.68135166,
          0.93570507,
          1
        ]
      },
      {
        "date" : 752683826.791888,
        "title" : "Untitled",
        "transform" : [
          0.99999195,
          4.2386483e-11,
          -0.004009178,
          0,
          -0.0014066718,
          0.93642694,
          -0.35086006,
          0,
          0.0037543022,
          0.35086286,
          0.9364194,
          0,
          0.009712999,
          0.90706444,
          2.4217644,
          1
        ]
      }
    ],
    "DCC2BE62-09B3-4A00-9E19-9D2B9F5A45B1" : [
      {
        "date" : 753028401.576834,
        "title" : "Untitled",
        "transform" : [
          0.99914145,
          -3.5588496e-08,
          0.04142995,
          0,
          0.014503311,
          0.9367242,
          -0.34976795,
          0,
          -0.03880843,
          0.35006848,
          0.9359198,
          0,
          -0.12385171,
          1.8454294,
          2.012666,
          1
        ]
      },
      {
        "date" : 753028397.54053,
        "title" : "Untitled",
        "transform" : [
          0.38460627,
          -2.994869e-08,
          0.9230807,
          0,
          0.9221813,
          0.044134494,
          -0.38423142,
          0,
          -0.04073973,
          0.9990256,
          0.016974466,
          0,
          -0.9918852,
          6.121906,
          -0.7215526,
          1
        ]
      },
      {
        "date" : 753028352.792742,
        "title" : "Untitled",
        "transform" : [
          0.92490953,
          -2.3142801e-08,
          0.38018718,
          0,
          0.09776463,
          0.9663719,
          -0.23783891,
          0,
          -0.36740223,
          0.2571483,
          0.89380676,
          0,
          -0.0017962605,
          1.0198996,
          2.0564456,
          1
        ]
      },
      {
        "date" : 753028349.574555,
        "title" : "Untitled",
        "transform" : [
          0.92490965,
          -2.3142805e-08,
          0.38018724,
          0,
          0.09776463,
          0.9663719,
          -0.23783891,
          0,
          -0.36740223,
          0.2571483,
          0.89380676,
          0,
          0.120440185,
          1.0315883,
          0.5854993,
          1
        ]
      },
      {
        "date" : 753028346.511762,
        "title" : "Untitled",
        "transform" : [
          0.9179541,
          -2.3104679e-08,
          0.39668673,
          0,
          0.10051975,
          0.96736205,
          -0.23260769,
          0,
          -0.38373965,
          0.25339797,
          0.88799405,
          0,
          0.05695319,
          1.0179479,
          0.5740018,
          1
        ]
      },
      {
        "date" : 753028343.214211,
        "title" : "Untitled",
        "transform" : [
          0.41193616,
          -3.0975976e-08,
          0.9112127,
          0,
          0.90107423,
          0.14875811,
          -0.40735275,
          0,
          -0.13555029,
          0.9888737,
          0.061278958,
          0,
          -0.016807139,
          4.1070795,
          -1.7633836,
          1
        ]
      },
      {
        "date" : 753028334.729692,
        "title" : "Untitled",
        "transform" : [
          0.7468739,
          -2.9393966e-08,
          0.6649657,
          0,
          0.6645606,
          0.034899503,
          -0.7464189,
          0,
          -0.023206914,
          0.9993909,
          0.026065618,
          0,
          0.51529515,
          4.1868925,
          -1.7950163,
          1
        ]
      },
      {
        "date" : 753028328.508517,
        "title" : "Untitled",
        "transform" : [
          -0.4253496,
          -1.8562709e-08,
          0.9050291,
          0,
          0.26039296,
          0.9577152,
          0.122380674,
          0,
          -0.86676025,
          0.2877178,
          -0.40736377,
          0,
          -2.5344124,
          1.5559697,
          -3.4114037,
          1
        ]
      },
      {
        "date" : 753028324.859778,
        "title" : "Untitled",
        "transform" : [
          0.9975778,
          -1.8543327e-08,
          0.06955961,
          0,
          0.015853899,
          0.9736804,
          -0.22736564,
          0,
          -0.067728795,
          0.22791769,
          0.97132194,
          0,
          -0.24116428,
          1.3892376,
          0.39417744,
          1
        ]
      },
      {
        "date" : 753028307.52523,
        "title" : "Untitled",
        "transform" : [
          0.9975778,
          -1.8543327e-08,
          0.06955961,
          0,
          0.015853899,
          0.9736804,
          -0.22736564,
          0,
          -0.067728795,
          0.22791769,
          0.97132194,
          0,
          -0.060458302,
          0.7650522,
          -0.4838376,
          1
        ]
      }
    ]
  },
  "sceneViewportBackgroundColors" : {

  },
  "selectedSceneRelativePath" : "Decora.usda"
}