{
  "advancedEditorSelectedIdentifier" : "ProjectBrowser",
  "openSceneRelativePaths" : [
    "Immersive.usda",
    "Decora.usda",
    "Inicio.usda"
  ],
  "recentIdentifiers" : {
    "95ECFC7E-CBAD-4E4A-9E58-AEF616524B2D" : [

    ],
    "DCC2BE62-09B3-4A00-9E19-9D2B9F5A45B1" : [

    ]
  },
  "sceneCameraHistory" : {
    "1D572CEB-057A-41C3-B575-04C37501A3C0" : [
      {
        "date" : 752680753.516699,
        "title" : "Untitled",
        "transform" : [
          1,
          0,
          0,
          0,
          0,
          0.7071069,
          -0.70710677,
          0,
          0,
          0.70710677,
          0.7071069,
          0,
          0,
          3.6168544,
          3.6168551,
          1
        ]
      }
    ],
    "95ECFC7E-CBAD-4E4A-9E58-AEF616524B2D" : [
      {
        "date" : 752683881.312254,
        "title" : "Untitled",
        "transform" : [
          0.99999195,
          -3.771261e-11,
          -0.0040091784,
          0,
          -0.002004897,
          0.86598104,
          -0.5000728,
          0,
          0.0034718725,
          0.50007683,
          0.8659741,
          0,
          0.059055746,
          0.7586951,
          0.89080316,
          1
        ]
      },
      {
        "date" : 752683833.05661,
        "title" : "Untitled",
        "transform" : [
          0.99999195,
          -3.771261e-11,
          -0.0040091784,
          0,
          -0.002004897,
          0.86598104,
          -0.5000728,
          0,
          0.0034718725,
          0.50007683,
          0.8659741,
          0,
          -0.00030608944,
          0.68135166,
          0.93570507,
          1
        ]
      },
      {
        "date" : 752683826.791888,
        "title" : "Untitled",
        "transform" : [
          0.99999195,
          4.2386483e-11,
          -0.004009178,
          0,
          -0.0014066718,
          0.93642694,
          -0.35086006,
          0,
          0.0037543022,
          0.35086286,
          0.9364194,
          0,
          0.009712999,
          0.90706444,
          2.4217644,
          1
        ]
      }
    ],
    "DCC2BE62-09B3-4A00-9E19-9D2B9F5A45B1" : [
      {
        "date" : 753132092.522598,
        "title" : "Untitled",
        "transform" : [
          0.98476434,
          -7.7516304e-09,
          -0.17389427,
          0,
          -0.023573814,
          0.99076873,
          -0.13349806,
          0,
          0.17228898,
          0.13556352,
          0.9756737,
          0,
          0.557641,
          1.8697242,
          2.0768988,
          1
        ]
      },
      {
        "date" : 753130147.799619,
        "title" : "Untitled",
        "transform" : [
          0.9833064,
          -7.7516304e-09,
          -0.18195747,
          0,
          -0.024666889,
          0.99076873,
          -0.13330041,
          0,
          0.18027775,
          0.13556352,
          0.9742292,
          0,
          -0.7557868,
          1.6699432,
          0.835484,
          1
        ]
      },
      {
        "date" : 753130137.645065,
        "title" : "Untitled",
        "transform" : [
          0.97098285,
          -7.783557e-09,
          -0.23914893,
          0,
          -0.03469286,
          0.9894218,
          -0.1408581,
          0,
          0.23661916,
          0.14506763,
          0.9607116,
          0,
          -0.097040445,
          2.0010197,
          2.982456,
          1
        ]
      },
      {
        "date" : 753130124.744078,
        "title" : "Untitled",
        "transform" : [
          0.9693291,
          -7.783557e-09,
          -0.24576607,
          0,
          -0.035652794,
          0.9894218,
          -0.14061819,
          0,
          0.2431663,
          0.14506763,
          0.95907533,
          0,
          0.08369672,
          1.8985636,
          2.3428144,
          1
        ]
      },
      {
        "date" : 753130121.562392,
        "title" : "Untitled",
        "transform" : [
          0.99518394,
          -8.371989e-09,
          -0.09802442,
          0,
          -0.020467425,
          0.9779587,
          -0.20779255,
          0,
          0.09586382,
          0.20879821,
          0.9732489,
          0,
          -0.5970548,
          2.1318655,
          2.115458,
          1
        ]
      },
      {
        "date" : 753130115.811699,
        "title" : "Untitled",
        "transform" : [
          0.98956573,
          -8.423082e-09,
          -0.1440825,
          0,
          -0.02794437,
          0.9810121,
          -0.19192252,
          0,
          0.14134668,
          0.19394632,
          0.97077596,
          0,
          -0.40691543,
          2.070447,
          2.1220343,
          1
        ]
      },
      {
        "date" : 753130114.527809,
        "title" : "Untitled",
        "transform" : [
          0.98956573,
          -8.423082e-09,
          -0.1440825,
          0,
          -0.02794437,
          0.9810121,
          -0.19192252,
          0,
          0.14134668,
          0.19394632,
          0.97077596,
          0,
          -0.40691543,
          2.070447,
          2.1220343,
          1
        ]
      },
      {
        "date" : 753130112.31295,
        "title" : "Untitled",
        "transform" : [
          0.9733759,
          -7.720614e-09,
          -0.22921477,
          0,
          -0.02420889,
          0.99440694,
          -0.102804184,
          0,
          0.22793275,
          0.10561623,
          0.96793175,
          0,
          -0.039204836,
          1.704206,
          2.1559923,
          1
        ]
      },
      {
        "date" : 753130077.393893,
        "title" : "Untitled",
        "transform" : [
          0.9491967,
          -7.34007e-09,
          -0.3146835,
          0,
          -0.042366493,
          0.9908958,
          -0.12779197,
          0,
          0.3118185,
          0.13463181,
          0.9405549,
          0,
          0.2832218,
          1.8256265,
          1.9403093,
          1
        ]
      },
      {
        "date" : 753130073.32849,
        "title" : "Untitled",
        "transform" : [
          -0.28454354,
          -5.1609352e-09,
          -0.9586631,
          0,
          -0.041292403,
          0.999072,
          0.012256228,
          0,
          0.95777345,
          0.043073,
          -0.28427944,
          0,
          5.205091,
          1.4487613,
          -1.9199761,
          1
        ]
      }
    ]
  },
  "sceneViewportBackgroundColors" : {

  },
  "selectedSceneRelativePath" : "Decora.usda"
}