{
  "advancedEditorSelectedIdentifier" : "BehaviorsPluginID",
  "openSceneRelativePaths" : [
    "Immersive.usda",
    "Decora.usda",
    "Inicio.usda"
  ],
  "recentIdentifiers" : {
    "95ECFC7E-CBAD-4E4A-9E58-AEF616524B2D" : [

    ],
    "DCC2BE62-09B3-4A00-9E19-9D2B9F5A45B1" : [

    ]
  },
  "sceneCameraHistory" : {
    "1D572CEB-057A-41C3-B575-04C37501A3C0" : [
      {
        "date" : 752680753.516699,
        "title" : "Untitled",
        "transform" : [
          1,
          0,
          0,
          0,
          0,
          0.7071069,
          -0.70710677,
          0,
          0,
          0.70710677,
          0.7071069,
          0,
          0,
          3.6168544,
          3.6168551,
          1
        ]
      }
    ],
    "95ECFC7E-CBAD-4E4A-9E58-AEF616524B2D" : [
      {
        "date" : 752683881.312254,
        "title" : "Untitled",
        "transform" : [
          0.99999195,
          -3.771261e-11,
          -0.0040091784,
          0,
          -0.002004897,
          0.86598104,
          -0.5000728,
          0,
          0.0034718725,
          0.50007683,
          0.8659741,
          0,
          0.059055746,
          0.7586951,
          0.89080316,
          1
        ]
      },
      {
        "date" : 752683833.05661,
        "title" : "Untitled",
        "transform" : [
          0.99999195,
          -3.771261e-11,
          -0.0040091784,
          0,
          -0.002004897,
          0.86598104,
          -0.5000728,
          0,
          0.0034718725,
          0.50007683,
          0.8659741,
          0,
          -0.00030608944,
          0.68135166,
          0.93570507,
          1
        ]
      },
      {
        "date" : 752683826.791888,
        "title" : "Untitled",
        "transform" : [
          0.99999195,
          4.2386483e-11,
          -0.004009178,
          0,
          -0.0014066718,
          0.93642694,
          -0.35086006,
          0,
          0.0037543022,
          0.35086286,
          0.9364194,
          0,
          0.009712999,
          0.90706444,
          2.4217644,
          1
        ]
      }
    ],
    "DCC2BE62-09B3-4A00-9E19-9D2B9F5A45B1" : [
      {
        "date" : 752681251.755842,
        "title" : "Untitled",
        "transform" : [
          0.99999934,
          2.4537064e-08,
          -0.0011234734,
          0,
          7.741138e-05,
          0.9976209,
          0.068939604,
          0,
          0.0011208066,
          -0.06893966,
          0.9976202,
          0,
          0.49333954,
          1.980514,
          2.9455001,
          1
        ]
      },
      {
        "date" : 752681187.337914,
        "title" : "Untitled",
        "transform" : [
          0.99999934,
          2.4537064e-08,
          -0.0011234734,
          0,
          7.741138e-05,
          0.9976209,
          0.068939604,
          0,
          0.0011208066,
          -0.06893966,
          0.9976202,
          0,
          0.49370196,
          1.9582229,
          3.2680748,
          1
        ]
      },
      {
        "date" : 752681181.136967,
        "title" : "Untitled",
        "transform" : [
          -0.054672983,
          2.4545994e-08,
          0.99850434,
          0,
          0.21984756,
          0.97546,
          0.012037686,
          0,
          -0.9740011,
          0.22017685,
          -0.05333131,
          0,
          -5.702843,
          3.8153305,
          -1.9697514,
          1
        ]
      },
      {
        "date" : 752681178.985932,
        "title" : "Untitled",
        "transform" : [
          0.9992186,
          2.6055135e-08,
          -0.039525505,
          0,
          0.0045535127,
          0.9933417,
          0.115115486,
          0,
          0.03926234,
          -0.11520558,
          0.9925655,
          0,
          0.3668458,
          1.7178054,
          4.8347883,
          1
        ]
      },
      {
        "date" : 752681143.725644,
        "title" : "Untitled",
        "transform" : [
          0.9992186,
          2.6055135e-08,
          -0.039525505,
          0,
          0.0045535127,
          0.9933417,
          0.115115486,
          0,
          0.03926234,
          -0.11520558,
          0.9925655,
          0,
          0.33511028,
          1.8217772,
          3.0302784,
          1
        ]
      },
      {
        "date" : 752681128.070043,
        "title" : "Untitled",
        "transform" : [
          0.9992186,
          2.6055135e-08,
          -0.039525505,
          0,
          0.0045535127,
          0.9933417,
          0.115115486,
          0,
          0.03926234,
          -0.11520558,
          0.9925655,
          0,
          0.35833955,
          2.223916,
          3.8966832,
          1
        ]
      },
      {
        "date" : 752681125.503398,
        "title" : "Untitled",
        "transform" : [
          0.9992186,
          2.6055135e-08,
          -0.039525505,
          0,
          0.0045535127,
          0.9933417,
          0.115115486,
          0,
          0.03926234,
          -0.11520558,
          0.9925655,
          0,
          0.3854556,
          0.50120926,
          9.681011,
          1
        ]
      },
      {
        "date" : 752681123.786554,
        "title" : "Untitled",
        "transform" : [
          0.9992186,
          2.6055135e-08,
          -0.039525505,
          0,
          0.0045535127,
          0.9933417,
          0.115115486,
          0,
          0.03926234,
          -0.11520558,
          0.9925655,
          0,
          0.09682541,
          1.3481208,
          2.3843412,
          1
        ]
      },
      {
        "date" : 752681101.388042,
        "title" : "Untitled",
        "transform" : [
          0.9992186,
          2.6055135e-08,
          -0.039525505,
          0,
          0.0045535127,
          0.9933417,
          0.115115486,
          0,
          0.03926234,
          -0.11520558,
          0.9925655,
          0,
          0.091256104,
          1.3357893,
          2.38313,
          1
        ]
      },
      {
        "date" : 752680916.729158,
        "title" : "Untitled",
        "transform" : [
          0.9992186,
          2.6055135e-08,
          -0.039525505,
          0,
          0.0045535127,
          0.9933417,
          0.115115486,
          0,
          0.03926234,
          -0.11520558,
          0.9925655,
          0,
          0.09537569,
          1.3237015,
          2.4872746,
          1
        ]
      }
    ]
  },
  "sceneViewportBackgroundColors" : {

  },
  "selectedSceneRelativePath" : "Inicio.usda"
}