{
  "advancedEditorSelectedIdentifier" : "BehaviorsPluginID",
  "openSceneRelativePaths" : [
    "Immersive.usda",
    "Decora.usda",
    "Inicio.usda"
  ],
  "recentIdentifiers" : {
    "95ECFC7E-CBAD-4E4A-9E58-AEF616524B2D" : [

    ],
    "DCC2BE62-09B3-4A00-9E19-9D2B9F5A45B1" : [

    ]
  },
  "sceneCameraHistory" : {
    "1D572CEB-057A-41C3-B575-04C37501A3C0" : [
      {
        "date" : 752680753.516699,
        "title" : "Untitled",
        "transform" : [
          1,
          0,
          0,
          0,
          0,
          0.7071069,
          -0.70710677,
          0,
          0,
          0.70710677,
          0.7071069,
          0,
          0,
          3.6168544,
          3.6168551,
          1
        ]
      }
    ],
    "95ECFC7E-CBAD-4E4A-9E58-AEF616524B2D" : [
      {
        "date" : 752683881.312254,
        "title" : "Untitled",
        "transform" : [
          0.99999195,
          -3.771261e-11,
          -0.0040091784,
          0,
          -0.002004897,
          0.86598104,
          -0.5000728,
          0,
          0.0034718725,
          0.50007683,
          0.8659741,
          0,
          0.059055746,
          0.7586951,
          0.89080316,
          1
        ]
      },
      {
        "date" : 752683833.05661,
        "title" : "Untitled",
        "transform" : [
          0.99999195,
          -3.771261e-11,
          -0.0040091784,
          0,
          -0.002004897,
          0.86598104,
          -0.5000728,
          0,
          0.0034718725,
          0.50007683,
          0.8659741,
          0,
          -0.00030608944,
          0.68135166,
          0.93570507,
          1
        ]
      },
      {
        "date" : 752683826.791888,
        "title" : "Untitled",
        "transform" : [
          0.99999195,
          4.2386483e-11,
          -0.004009178,
          0,
          -0.0014066718,
          0.93642694,
          -0.35086006,
          0,
          0.0037543022,
          0.35086286,
          0.9364194,
          0,
          0.009712999,
          0.90706444,
          2.4217644,
          1
        ]
      }
    ],
    "DCC2BE62-09B3-4A00-9E19-9D2B9F5A45B1" : [
      {
        "date" : 753110963.696779,
        "title" : "Untitled",
        "transform" : [
          0.9929417,
          1.4451937e-09,
          -0.118604116,
          0,
          -0.0012885378,
          0.99994105,
          -0.010787462,
          0,
          0.1185971,
          0.010864134,
          0.9928829,
          0,
          0.22983646,
          1.8176033,
          4.4437785,
          1
        ]
      },
      {
        "date" : 753110958.111839,
        "title" : "Untitled",
        "transform" : [
          0.99862707,
          1.4168864e-09,
          -0.05238411,
          0,
          -0.0010033578,
          0.9998166,
          -0.019127462,
          0,
          0.0523745,
          0.019153748,
          0.9984439,
          0,
          -1.3162719,
          1.1780169,
          2.1581135,
          1
        ]
      },
      {
        "date" : 753110956.960067,
        "title" : "Untitled",
        "transform" : [
          0.9997209,
          1.4168864e-09,
          0.023626458,
          0,
          0.00045253034,
          0.9998166,
          -0.019148413,
          0,
          -0.023622125,
          0.019153748,
          0.9995375,
          0,
          -1.6237444,
          1.1780169,
          2.1356907,
          1
        ]
      },
      {
        "date" : 753110947.393735,
        "title" : "Untitled",
        "transform" : [
          -0.28188503,
          1.4303385e-09,
          0.95944816,
          0,
          -0.0696682,
          0.9973602,
          -0.020468462,
          0,
          -0.9569154,
          -0.07261279,
          -0.2811409,
          0,
          -3.937219,
          0.5736751,
          -2.9694393,
          1
        ]
      },
      {
        "date" : 753110863.225557,
        "title" : "Untitled",
        "transform" : [
          -0.04855935,
          -5.2711707e-10,
          0.99882025,
          0,
          0.023270613,
          0.99972856,
          0.0011313383,
          0,
          -0.99854916,
          0.023298088,
          -0.04854617,
          0,
          -8.586304,
          2.2873566,
          -1.813065,
          1
        ]
      },
      {
        "date" : 753110853.559075,
        "title" : "Untitled",
        "transform" : [
          1,
          0,
          0,
          0,
          0,
          1,
          0,
          0,
          0,
          0,
          1,
          0,
          -0.038918566,
          2.1151557,
          4.825411,
          1
        ]
      },
      {
        "date" : 753110848.908084,
        "title" : "Untitled",
        "transform" : [
          0.71890056,
          1.6771686e-08,
          0.695113,
          0,
          0.34384328,
          0.8690877,
          -0.35561,
          0,
          -0.6041141,
          0.4946581,
          0.62478757,
          0,
          -55.91767,
          23.726334,
          28.238138,
          1
        ]
      },
      {
        "date" : 753110661.023259,
        "title" : "Untitled",
        "transform" : [
          0.71890056,
          1.6771686e-08,
          0.695113,
          0,
          0.34384328,
          0.8690877,
          -0.35561,
          0,
          -0.6041141,
          0.4946581,
          0.62478757,
          0,
          -1.4945371,
          2.469531,
          -1.9661093,
          1
        ]
      },
      {
        "date" : 753109337.620214,
        "title" : "Untitled",
        "transform" : [
          0.71890056,
          1.6771686e-08,
          0.695113,
          0,
          0.34384328,
          0.8690877,
          -0.35561,
          0,
          -0.6041141,
          0.4946581,
          0.62478757,
          0,
          -2.5439036,
          2.4741468,
          -1.3944708,
          1
        ]
      },
      {
        "date" : 753109330.652845,
        "title" : "Untitled",
        "transform" : [
          0.71890056,
          1.6771686e-08,
          0.695113,
          0,
          0.34384328,
          0.8690877,
          -0.35561,
          0,
          -0.6041141,
          0.4946581,
          0.62478757,
          0,
          -5.266807,
          5.0842466,
          3.1699436,
          1
        ]
      }
    ]
  },
  "sceneViewportBackgroundColors" : {

  },
  "selectedSceneRelativePath" : "Decora.usda"
}